[(array([[ 95.5       ,  94.12999725,  91.01000214, ...,  95.08999634,
         95.26999664,  98.12000275],
       [ 94.12999725,  91.01000214,  88.25      , ...,  95.26999664,
         98.12000275,  96.05000305],
       [ 91.01000214,  88.25      ,  88.45999908, ...,  98.12000275,
         96.05000305,  95.45999908],
       ...,
       [129.47999573, 131.83000183, 132.33000183, ..., 142.83000183,
        145.17999268, 146.13000488],
       [131.83000183, 132.33000183, 129.78999329, ..., 145.17999268,
        146.13000488, 143.8999939 ],
       [132.33000183, 129.78999329, 132.55000305, ..., 146.13000488,
        143.8999939 , 146.71000671]]), array([[ 96.05000305,  95.45999908,  93.68000031,  97.25      ,
         97.51999664],
       [ 95.45999908,  93.68000031,  97.25      ,  97.51999664,
         96.31999969],
       [ 93.68000031,  97.25      ,  97.51999664,  96.31999969,
         97.18000031],
       ...,
       [143.8999939 , 146.71000671, 146.74000549, 147.72999573,
        147.02999878],
       [146.71000671, 146.74000549, 147.72999573, 147.02999878,
        146.32000732],
       [146.74000549, 147.72999573, 147.02999878, 146.32000732,
        146.08999634]])), (array([[ 95.5       ,  94.12999725,  91.01000214, ...,  95.08999634,
         95.26999664,  98.12000275],
       [ 94.12999725,  91.01000214,  88.25      , ...,  95.26999664,
         98.12000275,  96.05000305],
       [ 91.01000214,  88.25      ,  88.45999908, ...,  98.12000275,
         96.05000305,  95.45999908],
       ...,
       [129.47999573, 131.83000183, 132.33000183, ..., 142.83000183,
        145.17999268, 146.13000488],
       [131.83000183, 132.33000183, 129.78999329, ..., 145.17999268,
        146.13000488, 143.8999939 ],
       [132.33000183, 129.78999329, 132.55000305, ..., 146.13000488,
        143.8999939 , 146.71000671]]), array([[ 96.05000305,  95.45999908,  93.68000031,  97.25      ,
         97.51999664],
       [ 95.45999908,  93.68000031,  97.25      ,  97.51999664,
         96.31999969],
       [ 93.68000031,  97.25      ,  97.51999664,  96.31999969,
         97.18000031],
       ...,
       [143.8999939 , 146.71000671, 146.74000549, 147.72999573,
        147.02999878],
       [146.71000671, 146.74000549, 147.72999573, 147.02999878,
        146.32000732],
       [146.74000549, 147.72999573, 147.02999878, 146.32000732,
        146.08999634]])), (array([[ 95.5       ,  94.12999725,  91.01000214, ...,  95.08999634,
         95.26999664,  98.12000275],
       [ 94.12999725,  91.01000214,  88.25      , ...,  95.26999664,
         98.12000275,  96.05000305],
       [ 91.01000214,  88.25      ,  88.45999908, ...,  98.12000275,
         96.05000305,  95.45999908],
       ...,
       [129.47999573, 131.83000183, 132.33000183, ..., 142.83000183,
        145.17999268, 146.13000488],
       [131.83000183, 132.33000183, 129.78999329, ..., 145.17999268,
        146.13000488, 143.8999939 ],
       [132.33000183, 129.78999329, 132.55000305, ..., 146.13000488,
        143.8999939 , 146.71000671]]), array([[ 96.05000305,  95.45999908,  93.68000031,  97.25      ,
         97.51999664],
       [ 95.45999908,  93.68000031,  97.25      ,  97.51999664,
         96.31999969],
       [ 93.68000031,  97.25      ,  97.51999664,  96.31999969,
         97.18000031],
       ...,
       [143.8999939 , 146.71000671, 146.74000549, 147.72999573,
        147.02999878],
       [146.71000671, 146.74000549, 147.72999573, 147.02999878,
        146.32000732],
       [146.74000549, 147.72999573, 147.02999878, 146.32000732,
        146.08999634]])), (array([[ 95.5       ,  94.12999725,  91.01000214, ...,  95.08999634,
         95.26999664,  98.12000275],
       [ 94.12999725,  91.01000214,  88.25      , ...,  95.26999664,
         98.12000275,  96.05000305],
       [ 91.01000214,  88.25      ,  88.45999908, ...,  98.12000275,
         96.05000305,  95.45999908],
       ...,
       [129.47999573, 131.83000183, 132.33000183, ..., 142.83000183,
        145.17999268, 146.13000488],
       [131.83000183, 132.33000183, 129.78999329, ..., 145.17999268,
        146.13000488, 143.8999939 ],
       [132.33000183, 129.78999329, 132.55000305, ..., 146.13000488,
        143.8999939 , 146.71000671]]), array([[ 96.05000305,  95.45999908,  93.68000031,  97.25      ,
         97.51999664],
       [ 95.45999908,  93.68000031,  97.25      ,  97.51999664,
         96.31999969],
       [ 93.68000031,  97.25      ,  97.51999664,  96.31999969,
         97.18000031],
       ...,
       [143.8999939 , 146.71000671, 146.74000549, 147.72999573,
        147.02999878],
       [146.71000671, 146.74000549, 147.72999573, 147.02999878,
        146.32000732],
       [146.74000549, 147.72999573, 147.02999878, 146.32000732,
        146.08999634]])), (array([[ 95.5       ,  94.12999725,  91.01000214, ...,  95.08999634,
         95.26999664,  98.12000275],
       [ 94.12999725,  91.01000214,  88.25      , ...,  95.26999664,
         98.12000275,  96.05000305],
       [ 91.01000214,  88.25      ,  88.45999908, ...,  98.12000275,
         96.05000305,  95.45999908],
       ...,
       [129.47999573, 131.83000183, 132.33000183, ..., 142.83000183,
        145.17999268, 146.13000488],
       [131.83000183, 132.33000183, 129.78999329, ..., 145.17999268,
        146.13000488, 143.8999939 ],
       [132.33000183, 129.78999329, 132.55000305, ..., 146.13000488,
        143.8999939 , 146.71000671]]), array([[ 96.05000305,  95.45999908,  93.68000031,  97.25      ,
         97.51999664],
       [ 95.45999908,  93.68000031,  97.25      ,  97.51999664,
         96.31999969],
       [ 93.68000031,  97.25      ,  97.51999664,  96.31999969,
         97.18000031],
       ...,
       [143.8999939 , 146.71000671, 146.74000549, 147.72999573,
        147.02999878],
       [146.71000671, 146.74000549, 147.72999573, 147.02999878,
        146.32000732],
       [146.74000549, 147.72999573, 147.02999878, 146.32000732,
        146.08999634]]))]
